45
98
164
156
137
107
66
14
-49
-123
-208
-206
-195
-175
-146
-108
-61
-5
60
134
217
188
147
94
29
-48
-137
-106
-69
-26
23
78
139
112
72
19
-47
-126
-127
-120
-105
-82
-51
-12
35
90
153
118
71
12
-59
-142
-159
-171
-178
-180
-177
-169
-156
-138
-115
-87
-54
-16
27
75
128
103
73
38
-2
-47
-97
-152
-159
-156
-143
-120
-87
-44
9
72
145
228
227
213
186
146
93
27
-52
-144
-165
-180
-189
-192
-189
-180
-165
-144
-117
-84
-45
0
51
108
171
182
188
189
185
176
162
143
119
90
56
17
-27
-76
-130
-127
-119
-106
-88
-65
-37
-4
34
77
125
178
157
124
79
22
-47
-128
-99
-56
1
72
157
139
114
82
43
-3
-56
-116
-183
-174
-156
-129
-93
-48
6
69
141
222
234
236
233
225
212
194
171
143
110
72
29
-19
-72
-130
-193
-196
-191
-178
-157
-128
-91
-46
7
68
137
214
233
237
236
230
219
203
182
156
125
89
48
2
-49
-105
-166
-170
-163
-145
-116
-76
-25
37
110
194
204
209
204
194
179
159
134
104
69
29
-16
-66
-121
-181
-140
-86
-19
61
154
157
146
121
82
29
-38
-119
-110
-92
-65
-29
16
70
133
205
195
179
157
129
95
55
9
-43
-101
-165
-164
-154
-135
-107
-70
-24
31
95
168
165
154
135
108
73
30
-21
-80
-147
-134
-109
-72
-23
38
111
196
198
194
184
168
146
118
84
44
-2
-54
-112
-176
-191
-201
-206
-201
-191
-176
-156
-131
-101
-66
-26
19
69
124
184
185
178
163
140
109
70
23
-32
-95
-166
-131
-82
-19
58
149
135
115
89
57
19
-25
-75
-131
-193
-186
-165
-130
-81
-18
59
150
127
92
45
-14
-85
-168
-147
-120
-87
-48
-3
48
105
168
144
110
66
12
-52
-126
-94
-56
-12
38
94
156
224
229
221
200
166
119
59
-14
-100
-199
-165
-120
-64
3
81
170
167
152
125
86
35
-28
-103
-190
-172
-148
-118
-82
-40
8
62
122
188
172
151
125
94
58
17
-29
-80
-136
-197
-177
-150
-116
-75
-27
28
90
159
235
238
232
217
193
160
118
67
7
-62
-140
-133
-114
-83
-40
15
82
161
126
85
38
-15
-74
-139
-141
-131
-109
-75
-29
29
99
181
193
199
193
181
163
139
109
73
31
-17
-71
-131
-197
-173
-141
-101
-53
3
67
139
219
187
148
102
49
-11
-78
-152
-170
-181
-185
-182
-172
-155
-131
-100
-62
-17
35
94
160
233
238
233
223
208
188
163
133
98
58
13
-37
-92
-152
-117
-76
-29
24
83
148
219
210
193
168
135
94
45
-12
-77
-150
-165
-170
-165
-150
-125
-90
-45
10
75
150
148
141
129
112
90
63
31
-6
-48
-95
-147
-204
-196
-180
-156
-124
-84
-36
20
84
156
153
142
123
96
61
18
-33
-92
-159
-125
-83
-33
25
91
165
146
119
84
41
-10
-69
-136
-98
-48
14
88
174
143
102
51
-10
-81
-162
-147
-122
-87
-42
13
78
153
238
239
233
220
200
173
139
98
50
-5
-67
-136
